252
251
252
252
251
251
251
251
251
250
250
249
249
249
248
250
250
250
250
250
251
251
251
251
254
251
246
243
240
235
229
220
206
182
163
144
129
116
112
115
125
144
164
183
195
205
212
218
222
228
251
245
240
233
221
199
174
155
139
125
110
97
86
81
84
89
101
113
128
148
168
179
192
205
220
251
242
234
218
192
168
150
135
124
114
105
99
93
86
88
87
94
102
109
119
141
158
172
191
214
251
241
227
201
175
153
140
133
128
122
120
116
114
112
107
109
108
111
109
111
122
141
159
180
208
251
239
216
187
165
150
145
141
142
143
145
141
143
140
134
131
125
120
117
114
116
130
148
173
201
251
234
208
177
161
152
148
153
159
161
163
166
170
164
152
144
136
127
124
117
117
128
147
169
197
252
232
199
174
159
151
152
162
165
170
174
180
181
179
165
152
141
128
125
117
117
129
148
170
196
252
229
200
176
162
156
159
168
171
174
177
186
190
186
172
156
140
130
121
117
117
129
149
172
197
251
224
197
176
161
160
164
166
172
173
178
188
191
183
169
151
133
123
115
114
115
128
151
175
198
251
217
190
170
160
159
161
163
165
166
171
177
178
171
156
137
117
109
104
105
112
127
151
175
200
250
211
184
162
153
148
150
149
146
147
156
159
157
152
136
122
106
95
93
96
106
125
152
177
200
251
201
171
147
133
128
128
128
128
137
147
154
154
150
136
120
105
93
89
92
102
122
149
178
199
250
191
153
126
110
110
111
119
127
144
156
165
168
163
149
132
113
98
91
93
101
120
149
177
197
251
181
131
107
96
99
108
119
137
160
173
183
182
176
163
143
121
103
93
92
100
118
148
175
196
251
164
116
93
89
95
111
129
152
173
185
192
193
186
171
152
126
106
93
90
96
118
147
173
195
252
149
105
86
86
92
114
138
160
180
190
197
197
188
173
154
130
110
95
88
92
115
145
171
193
250
145
99
82
80
91
116
141
164
183
194
197
197
188
176
158
136
114
97
86
89
110
139
166
191
250
144
94
77
78
89
112
138
162
180
189
194
190
183
174
160
136
114
95
85
84
104
131
158
186
251
149
98
74
73
83
107
131
159
175
185
187
186
180
171
155
131
112
94
83
80
94
121
149
178
250
165
104
75
68
75
98
123
142
158
168
172
173
171
162
144
127
111
92
77
73
85
109
137
168
250
188
116
88
67
68
86
106
124
142
151
157
164
160
151
138
119
105
92
76
71
82
102
128
163
250
209
145
100
79
70
76
88
104
118
128
135
140
140
140
133
122
106
95
84
78
86
102
126
159
251
221
182
138
105
87
81
86
95
110
121
131
138
145
147
147
140
123
108
102
100
97
110
132
159
253
224
205
185
162
135
120
116
118
126
136
146
157
167
175
177
170
161
148
136
131
131
137
145
162
